-84.034 30.78983
-83.35623 30.2133
-83.1 30.21941
-82.1171 30.48257
-83.47786 30.54352
-82.99974 30.86267
-81.90581 30.52079
-81.93441 30.5207
-82.27655 30.31221
-82.79994 30.68702
-83.91392 30.89275
-82.12951 30.48919
-83.44111 30.55104
-84.41679 30.23584
-82.874 30.844
-82.93699 30.86398
-82.3653 30.81142
-83.69904 30.87872
-82.1131 30.75795
-82.91212 30.26461
-82.93182 30.29038
-82.54543 30.84102
-83.33994 30.70346
-83.54276 30.88135
-83.56397 30.86765
-82.50312 30.78822
-81.90498 30.53304
-82.30781 30.35799
-82.35898 30.33678
-81.91284 30.74597
-81.90049 30.75184
-84.81851 30.54934
-84.64747 30.1762
-84.19346 30.6385
-84.33054 30.38226
-84.94987 30.52777
-83.38562 30.61492
-84.02107 30.67944
-82.50422 30.84644
-84.20154 30.81753
-83.54194 30.23561
-83.49771 30.22631
-82.2 30.20752
-84.64361 30.29182
-84.65266 30.30089
-84.34623 30.1874
-83.33006 30.88294
-84.17098 30.21422
-81.90581 30.06227
-82.13 29.97506
-83.72478 30.71027
